sklearn_pca运行结果：
投影矩阵：
[[ 0.21599835  0.43675677  0.30045538  0.30729203  0.33633235  0.39734198
   0.23763447  0.27865556 -0.41565279]
 [ 0.52744611  0.09563451  0.04625339 -0.44839783 -0.35534569 -0.21031643
  -0.17519467  0.53320237 -0.15476805]
 [ 0.16451225 -0.39141738  0.62970532  0.29432599 -0.14165347  0.2519303
  -0.2853247   0.1261179   0.39461511]
 [ 0.16088274 -0.32712336  0.01105718  0.07401586 -0.09763514 -0.16321892
   0.87352658  0.17111166  0.18167421]
 [ 0.21176571  0.10877916 -0.05937792  0.1718095   0.65037442 -0.52745778
  -0.15655457  0.20428857  0.37793701]
 [-0.4567731   0.38274945  0.6078671  -0.39795678 -0.00873019 -0.24100789
   0.17162837  0.00105491  0.17137898]]
降维后数据：
